Result: Max - Min - Avr - Standard Deviation
Period: 355445 - 141334 - 249999.999279 - 3787.30408339
Latency: 346694 - 6176 - 18377.205791 - 10083.6513678
Executive: 113040 - 2138 - 8010.416033 - 3698.6094388
Error: 9