Result: Max - Min - Avr - Standard Deviation
Period: 8534082 - 10793 - 499999.999052 - 36460.4527715
Latency: 2283055 - 5768 - 21858.491679 - 13628.5182211
Executive: 12844747 - 6135 - 63574.813327 - 77751.8775404
Error: 801