Result: Max - Min - Avr - Standard Deviation
Period: 569331 - 433336 - 499999.995654 - 5829.5371539
Latency: 261908 - 31227 - 52837.76349 - 11807.5369008
Executive: 77149 - 2624 - 10244.765325 - 6006.06044124
Error: 1