Result: Max - Min - Avr - Standard Deviation
Period: 4254552 - 9659 - 250000.003018 - 21513.7643787
Latency: 1969290 - 5325 - 18251.927595 - 11556.5997608
Executive: 4064463 - 6149 - 60185.252317 - 38442.3270776
Error: 1213