Result: Max - Min - Avr - Standard Deviation
Period: 550036 - 450209 - 500000.005036 - 4042.10125316
Latency: 229761 - 6495 - 18012.247701 - 10504.1158248
Executive: 56301 - 2351 - 8133.481537 - 3899.48375249
Error: 1