Result: Max - Min - Avr - Standard Deviation
Period: 401894 - 95193 - 249999.987185 - 6140.48727736
Latency: 392915 - 8457 - 55470.860994 - 10862.8829662
Executive: 162483 - 2494 - 10612.803442 - 5006.08236899
Error: 49